0	0.597354597	0.256943725	0.091848036	0.135672668	0.052541014	0.323574957	0.202668049	0.253270771	0.150073822	0.613077352	0.358146764	0.510853163	0.293850263	0.333849357	0.065177396	0.466111129	0.335301857	0.546807667	0.352380871	-0.195583559	-0.236967273	0.045898733	-0.015072155	-0.074174932	-0.069743589	-0.083861648	-0.106591146	0.229399784	0.074741878	-0.13884731	-0.078501982	0.104438392	-0.025686546	-0.152824646	-0.223611617	-0.102803539	-0.178222422	-0.106547205	-0.189809001	0.026674672	-0.095153217	0.161127465	0.091538447	0.096369397	0.0213388	0.143145301	0.080153717	0.327203785	0.248690242	0.355944236	0.204724028	0.310908762	0.18660422	-0.018776405	-0.064051878	0.546255773	0.413211925	0.444406364	0.232295555	0.536802339	0.177938531	0.358653205	0.155879917	0.215668662	0.043856052	-0.028643501	-0.156711721	0.385347586	0.188782806	-0.15589894	-0.166364734	0.114746067	0.031450088	0.171861894	0.07502611	-0.156211345	-0.271244425	0.12665548	0.156043788	0.276357689	0.232342543	0.102023664	-0.001354268	0.342802052	0.115778797	-0.071034963	-0.063727353	0.254821095	0.214137415
0.597354597	0	-0.068913546	0.013500815	-0.040108401	-0.049169871	-0.007392405	0.153477002	0.006524504	0.016263179	0.171107171	0.3337926	0.150799358	0.268794015	0.061599299	-0.007850282	0.547352314	0.621833425	0.299345846	0.523218142	-0.107509188	-0.118644308	-0.120264031	-0.074222629	-0.08702737	-0.065550912	-0.094225734	-0.043726739	0.298704562	0.300771413	-0.121854902	-0.048441058	0.179968385	0.206393346	-0.244500064	-0.216044133	-0.096093036	-0.010920607	-0.084216581	-0.055919622	0.003248713	0.06579797	0.22830324	0.206011619	0.167159559	0.227912387	0.255894674	0.187604953	0.331349296	0.307990048	0.208188331	0.144312925	0.295287637	0.219317645	0.06310943	0.078897401	0.660049684	0.681499106	0.23844586	0.267241328	0.218082292	0.161836841	0.394730551	0.384382789	-0.103644816	-0.063502369	-0.084088282	-0.04319521	0.472791855	0.299439184	-0.200114029	-0.147471753	0.104521483	0.225657523	0.067081795	0.176006757	-0.192282065	-0.152566829	0.295187701	0.373187497	0.429682801	0.453121459	0.04260587	0.158977739	0.13575225	0.1174442	-0.104269949	-0.081544947	2.51E-05	0.08990846
0.256943725	-0.068913546	0	0.643887132	0.420074289	0.190128705	0.605925323	0.230736206	0.355941868	0.191161101	0.185272713	-0.069502055	0.182645263	-0.020258687	0.335937668	0.109502037	-0.124396709	-0.164963217	0.418546386	0.141499578	-0.105527641	-0.150317416	0.703068816	0.59173358	0.416778587	0.337592361	0.093696276	0.04957531	-0.255488536	-0.376403477	0.310991914	0.354859307	0.122978727	-0.005067774	0.361758275	0.133687662	-0.26014398	-0.349490309	-0.228146274	-0.315747767	-0.144758217	-0.263487932	0.181032803	0.059152192	0.211656577	-0.003966736	0.035410503	-0.039394191	0.148610474	0.069310359	0.381282802	0.161152314	0.149488571	0.058174269	-0.270404707	-0.270635622	-0.037885843	-0.051746126	0.145177593	-0.056435053	0.143458557	-0.147534013	-0.202634524	-0.331701395	0.552539985	0.21218395	0.437435266	0.142726707	0.085405788	0.128675939	0.040591519	0.048489946	-0.031877115	-0.217522777	0.022563084	-0.074576069	-0.120287543	-0.255183543	-0.200767348	-0.114873237	-0.231676596	-0.147617572	-0.026421934	-0.234365344	0.333125237	0.299501253	-0.058223463	-0.054053005	0.270374393	0.332403756
0.091848036	0.013500815	0.643887132	0	0.333383964	0.386628022	0.468391345	0.649639061	0.269336467	0.39680719	0.029980662	0.181159757	0.052630231	0.185817366	0.169038738	0.248311108	-0.097600998	-0.122743726	0.202314795	0.332882797	-0.200541583	-0.102065617	0.517339843	0.742791846	0.274381303	0.411590106	0.009081294	0.106730838	-0.20635037	-0.180100441	0.269883092	0.523158254	0.094868944	0.265526729	0.248183751	0.242488057	-0.411220269	-0.332279564	-0.380691844	-0.335493689	-0.255215397	-0.181640381	0.062243423	0.002036955	0.223710888	0.174425455	-0.086332377	-0.130104781	0.143827593	0.086008607	0.31540405	0.255467669	0.12712727	0.004887203	-0.342957189	-0.337639977	-0.097254975	-0.116973742	0.061390434	0.089139073	0.081444939	0.17907155	-0.049343117	-0.105938327	0.408821342	0.518571707	0.398523065	0.357563703	0.026220443	0.123104465	-0.122568828	0.101900625	-0.072194314	-0.095252401	-0.044031409	0.021476182	-0.207455579	-0.1754493	-0.180077293	-0.107313995	-0.111107479	-0.087394603	-0.077234657	-0.093504021	0.271004891	0.508933104	-0.137858033	-0.051876552	0.095780877	0.381910138
0.135672668	-0.040108401	0.420074289	0.333383964	0	0.67425481	0.380100083	0.262615894	0.647340049	0.415684387	0.158625692	0.037175508	0.14754413	0.068854321	0.3828793	0.264598411	-0.033546691	-0.041156289	0.197760131	0.104346274	0.170234843	0.217341892	0.297715487	0.295453201	0.386997308	0.482376009	0.490322758	0.541225639	-0.062090257	-0.085914161	0.210805987	0.277808387	-0.009312084	-0.022853795	0.108266831	0.001084353	-0.177980248	-0.169139621	-0.173937499	-0.191926812	-0.076703063	-0.062349741	0.009916181	-0.00826929	0.11452765	0.08086251	-0.01112596	-0.030247126	0.158710538	0.125599028	0.224549185	0.151308065	0.163914464	0.128281485	-0.092364131	-0.029433155	-0.033207686	-0.003794382	0.201352942	0.087338441	0.1606385	0.06526477	-0.026063151	-0.058529507	0.380204582	0.242973679	0.174768995	0.068624159	0.053634056	0.116378874	0.090558985	0.147802417	0.058515609	-0.037809198	0.009427856	0.00616817	-0.207188873	-0.247467756	-0.122043691	-0.088439242	-0.06716493	-0.006026339	0.060711925	0.014464524	0.247672743	0.225707102	0.054798329	0.063324522	0.212521666	0.229970072
0.052541014	-0.049169871	0.190128705	0.386628022	0.67425481	0	0.299502748	0.4447401	0.497121423	0.589913281	0.082900445	0.140085784	0.154349911	0.210597862	0.249651902	0.296420145	-0.061819645	-0.061722824	0.047180827	0.110840416	0.171924178	0.312752646	0.162383326	0.29373778	0.263036339	0.57824847	0.393906785	0.595337789	-0.063715204	-0.002752283	0.190072456	0.329389437	-0.041537075	0.087122519	0.081110541	0.064797437	-0.184268946	-0.152987261	-0.176633394	-0.151080597	-0.114845422	-0.027543823	-0.018422758	-0.010437782	0.106664701	0.1414611	-0.02936914	-0.039765915	0.199267431	0.174289452	0.229735895	0.197580483	0.17075911	0.150205601	-0.098136886	-0.034673463	-0.078005421	-0.044777242	0.211776715	0.219062162	0.198544482	0.239027663	-0.004212897	0.008625256	0.22417318	0.318942513	0.171263916	0.181855281	-0.005877904	0.138395883	0.062767106	0.225255155	-0.024130163	-0.003806633	-0.054719499	-0.009442701	-0.166457344	-0.125379105	-0.136546732	-0.095436357	-0.053974951	-0.030780716	0.033033804	0.060484425	0.11635452	0.186594467	0.017482068	0.109434048	0.220206855	0.296261462
0.323574957	-0.007392405	0.605925323	0.468391345	0.380100083	0.299502748	0	0.664140431	0.534140482	0.394126537	0.437126624	0.21964394	0.53423963	0.315555586	0.401016908	0.215586094	-0.00267521	-0.039148518	0.44584976	0.272444024	-0.182297734	-0.150841087	0.274751671	0.213139144	-0.093987253	-0.005606124	-0.187722605	-0.124965014	0.115338853	-0.025394561	0.054490895	0.113348845	0.224547119	0.164992052	0.046631512	-0.022624048	-0.241148514	-0.282598768	-0.369900569	-0.454201371	-0.159563001	-0.214042052	-0.091509451	-0.172604384	0.095826222	0.003799792	-0.155303827	-0.200536292	0.168115283	0.0140186	0.22512888	0.114543417	0.091241441	0.037228376	-0.322755336	-0.337929887	-0.046165583	-0.097958858	0.262710609	0.059273481	0.459704879	0.302279733	0.121533669	0.051817568	0.523209205	0.31610286	0.243314432	0.076270386	0.063474356	0.104676993	0.067156452	0.120667631	0.134013301	0.019302512	0.20696845	0.14901417	-0.079757893	-0.16613462	-0.20158831	-0.123494704	-0.101988032	-0.018789711	0.018967252	-0.112737476	0.216188029	0.164139559	-0.279828536	-0.259970598	0.28455294	0.26001926
0.202668049	0.153477002	0.230736206	0.649639061	0.262615894	0.4447401	0.664140431	0	0.424499597	0.605914231	0.302063682	0.50436505	0.428857506	0.556459806	0.258224738	0.355167832	0.063678124	0.048814985	0.240950912	0.458206026	-0.222548818	-0.067965086	0.086476911	0.296914407	-0.195169134	0.060248825	-0.254072817	-0.09173338	0.186555793	0.21703951	0.016684541	0.235667743	0.162880607	0.390751131	-0.100739861	0.032965003	-0.331183027	-0.190647481	-0.434031312	-0.387414797	-0.225406362	-0.089580373	-0.145457	-0.177436784	0.039913176	0.130409209	-0.206607426	-0.233017856	0.161593006	0.062467897	0.133198976	0.14931216	0.09675792	0.008630561	-0.343180162	-0.347998554	-0.060314012	-0.091106365	0.172509463	0.244924574	0.391890619	0.636420853	0.23248489	0.285798587	0.298988061	0.560800674	0.071382964	0.179495236	0.011265479	0.105891302	-0.099725341	0.145921111	0.06521927	0.141791652	0.092528679	0.210352855	-0.136842137	-0.066669616	-0.156109795	-0.053677545	0.04070762	0.088347703	0.016156052	0.0700295	0.117528908	0.253126842	-0.295581788	-0.246005033	0.131301884	0.285506262
0.253270771	0.006524504	0.355941868	0.269336467	0.647340049	0.497121423	0.534140482	0.424499597	0	0.665514564	0.367905234	0.20465474	0.469870806	0.315410402	0.603849534	0.400493301	-0.034572311	-0.069705355	0.221752934	0.080710509	-0.082729975	-0.059872749	0.257338576	0.221894521	0.041899594	0.112197972	0.121682154	0.149665264	-0.016220379	-0.036603224	0.006335024	0.046583516	0.006123659	-0.035313185	0.056682458	-0.014904611	-0.179458851	-0.197778626	-0.190632571	-0.240187823	-0.135974856	-0.164376533	-0.048330734	-0.093620939	-0.005821834	-0.029516505	-0.057227068	-0.091061679	0.117818774	0.071492664	0.224618426	0.137749817	0.19330253	0.138714291	-0.09780623	-0.113658712	-0.033455854	-0.038772855	0.214257579	0.10656063	0.381052583	0.298850316	0.022978682	0.00594178	0.466429209	0.323165591	0.025910127	-0.077470829	-0.000133421	0.037367319	0.011498282	0.040381664	-0.025553917	-0.078704916	-0.005325193	-0.021937809	-0.226890602	-0.282952964	-0.163241625	-0.118312779	-0.06810787	-0.008502321	0.093637627	0.013817541	0.290843737	0.171548999	0.016022751	-0.005395201	0.340518427	0.301927394
0.150073822	0.016263179	0.191161101	0.39680719	0.415684387	0.589913281	0.394126537	0.605914231	0.665514564	0	0.254280252	0.299786072	0.345775775	0.421327362	0.45681605	0.545891836	-0.051187715	-0.082757715	0.143362597	0.141993276	-0.166644928	-0.079126323	0.262473624	0.388179185	0.02140866	0.148184823	0.009828912	0.087007079	-0.101782238	-0.005476663	-0.046014345	0.100927823	-0.085542356	0.066685466	0.052017287	0.050540778	-0.249731252	-0.234660898	-0.231633407	-0.232078301	-0.210524593	-0.157052301	-0.000847655	-0.033899022	-0.006670699	0.02896784	-0.039910757	-0.058526086	0.089964782	0.097883443	0.186072079	0.160218904	0.137306585	0.090184227	-0.130637261	-0.134253046	-0.051663585	-0.056095199	0.137471335	0.175555653	0.289751568	0.45159417	-0.002554917	0.009522455	0.425184222	0.533551946	-0.049367232	-0.018967079	-0.076234752	0.012248797	-0.086474987	0.04136123	-0.114048695	-0.094704292	-0.072275249	-0.011286924	-0.240998579	-0.226363284	-0.163895495	-0.073747131	-0.074548283	-0.015203277	0.06735228	0.008962354	0.247482796	0.260645104	-0.015490303	-0.010230402	0.268018834	0.360634412
0.613077352	0.171107171	0.185272713	0.029980662	0.158625692	0.082900445	0.437126624	0.302063682	0.367905234	0.254280252	0	0.5793385	0.786604982	0.544479528	0.574032158	0.382556965	0.310877752	0.135037195	0.421654565	0.178306744	-0.168149953	-0.197377863	0.071669066	-0.048566452	-0.197719569	-0.1624813	-0.114629772	-0.14117097	0.327787746	0.196352327	-0.107023203	-0.058695242	0.077844583	-0.044119531	-0.167979611	-0.224162824	-0.032370635	-0.103828374	-0.055754638	-0.148626955	0.056550818	-0.050353699	-0.056998419	-0.096704091	-0.110183255	-0.164588606	-0.080108922	-0.086511892	0.021353913	-0.044920253	0.07856591	0.019143158	0.058812807	-0.002350225	-0.079473926	-0.131358347	0.115988868	0.025771356	0.208182508	0.045288968	0.537621809	0.328101617	0.298515252	0.157759673	0.351455866	0.195997946	-0.138264536	-0.235996527	0.035685724	-0.064059322	-0.027277025	-0.06259071	0.133773656	0.045419374	0.204019505	0.118691749	-0.047488119	-0.16230476	0.063156321	0.035640797	0.127319586	0.124068158	0.241143517	0.099837883	0.33612344	0.104532603	-0.037621512	-0.050058992	0.336861536	0.207227144
0.358146764	0.3337926	-0.069502055	0.181159757	0.037175508	0.140085784	0.21964394	0.50436505	0.20465474	0.299786072	0.5793385	0	0.526106278	0.780415901	0.34776382	0.494921261	0.279468694	0.219111874	0.239446953	0.393692236	-0.135240807	-0.065627557	-0.061745686	0.047199204	-0.244669277	-0.137653562	-0.169931814	-0.110630204	0.399204533	0.40516691	-0.074972287	0.048943942	0.085754868	0.198859796	-0.221284776	-0.132607552	-0.063904085	0.035350106	-0.053352503	-0.028682218	0.01762026	0.0995482	-0.087545839	-0.082102081	-0.143787054	-0.073356619	-0.103131058	-0.088647432	-0.018128079	-0.058436531	-0.023688157	0.025355131	0.046917104	-0.056035362	-0.11509518	-0.14997999	0.054909367	0.029661166	0.070251944	0.182188261	0.35867582	0.52896172	0.314537369	0.399395977	0.070941086	0.300193222	-0.171388146	-0.085036086	-0.033563151	-0.03831275	-0.094722491	-7.00E-05	0.111926419	0.208747512	0.164165075	0.254597889	-0.013657938	0.030707044	0.053536157	0.062463472	0.191007226	0.166628667	0.164505538	0.200080805	0.149759056	0.238823087	-0.053197274	-0.070421863	0.134736829	0.26187944
0.510853163	0.150799358	0.182645263	0.052630231	0.14754413	0.154349911	0.53423963	0.428857506	0.469870806	0.345775775	0.786604982	0.526106278	0	0.687506688	0.590166404	0.379761563	0.215758441	0.128523883	0.297372993	0.172498938	-0.184502918	-0.180811089	0.015743595	-0.050469426	-0.256686542	-0.174757996	-0.17940888	-0.154056988	0.264727478	0.15639059	-0.16167343	-0.121412179	0.090497651	0.021568546	-0.126372902	-0.140538575	-0.065166255	-0.080701535	-0.134027919	-0.188569992	0.016490182	-0.050186673	-0.070160071	-0.115754722	-0.110190889	-0.149215805	-0.079642657	-0.100059084	0.0833517	0.006878174	0.146322624	0.069154704	0.105637738	0.032585963	-0.141739195	-0.180823254	0.126830608	0.03051396	0.271782825	0.115901836	0.587589852	0.398108103	0.308365697	0.227748653	0.341338163	0.213732111	-0.084454979	-0.15684119	0.066443346	0.027133755	-0.029178804	-0.015277433	0.076530161	0.03869418	0.17380021	0.123366103	-0.036345831	-0.126398564	-0.013543024	-0.009926708	0.110503266	0.124953576	0.111291363	0.065214267	0.187347398	0.047139285	-0.143199651	-0.130351733	0.385560731	0.245985308
0.293850263	0.268794015	-0.020258687	0.185817366	0.068854321	0.210597862	0.315555586	0.556459806	0.315410402	0.421327362	0.544479528	0.780415901	0.687506688	0	0.446856846	0.583150696	0.197555358	0.164293727	0.131441834	0.288631385	-0.166857073	-0.105082927	-0.030171398	0.085538366	-0.205645616	-0.124750893	-0.143383637	-0.086351867	0.279108928	0.295727072	-0.120441323	0.004089811	0.059758972	0.155441562	-0.186949487	-0.091144143	-0.108152253	-0.013220743	-0.116883299	-0.095508546	-0.046647616	0.052930253	-0.086192168	-0.099240624	-0.128181999	-0.069835227	-0.107107847	-0.121513393	0.052320636	-0.02162216	0.049603433	0.073859888	0.056172719	-0.066284535	-0.15145124	-0.196567813	0.052277475	0.012671633	0.145356995	0.215116366	0.419387343	0.563809993	0.309230827	0.385039914	0.183948749	0.379943819	-0.107719849	-0.0226559	-0.00079585	0.008019411	-0.105120971	0.009619097	0.066176165	0.140649646	0.134336195	0.208307607	-0.070579442	-0.039774421	0.007790033	0.030547674	0.17950299	0.1653435	0.138259774	0.15889717	0.132843684	0.192573818	-0.113337138	-0.097108553	0.236961109	0.27835868
0.333849357	0.061599299	0.335937668	0.169038738	0.3828793	0.249651902	0.401016908	0.258224738	0.603849534	0.45681605	0.574032158	0.34776382	0.590166404	0.446856846	0	0.689774544	0.096897144	0.016233375	0.440920517	0.191233195	-0.045881412	-0.08544102	0.407770224	0.260001355	0.012561158	0.030097044	0.099991181	0.07384166	0.186379723	0.155145714	0.118107288	0.1412491	0.05943999	-0.038387469	-0.012268359	-0.13446144	-0.079631034	-0.158344056	-0.091046604	-0.122196908	0.03544798	-0.05511444	-0.027384076	-0.082291123	-0.083697468	-0.15027512	-0.061631538	-0.095735645	-0.004406649	-0.040689765	0.054452112	-0.022633789	0.0886627	0.064032531	-0.115049382	-0.123426336	-0.004060532	-0.03578753	0.102178184	-0.018319643	0.280714901	0.211485949	0.050404918	-0.007535443	0.434851969	0.220305361	-0.056485763	-0.213679349	0.052561344	-0.004138187	0.008058227	0.00332823	0.053153916	-0.016164591	0.104389263	0.055091769	-0.140502927	-0.231609656	-0.001074838	0.027084915	0.063030439	0.103567365	0.489455297	0.24051145	0.485467357	0.259681041	0.199088932	0.160331926	0.370403291	0.298082248
0.065177396	-0.007850282	0.109502037	0.248311108	0.264598411	0.296420145	0.215586094	0.355167832	0.400493301	0.545891836	0.382556965	0.494921261	0.379761563	0.583150696	0.689774544	0	0.018055512	-0.048383218	0.20975799	0.205343747	-0.026289656	0.002526074	0.321540749	0.36476492	0.051660188	0.11456954	0.145867821	0.162098004	0.191732446	0.293026046	0.168496066	0.276895311	0.051006192	0.095543773	-0.017125552	-0.040255686	-0.078493178	-0.066157231	-0.030251326	0.008293592	0.018447002	0.088152689	-0.049382525	-0.073829396	-0.128118484	-0.116446946	-0.102462997	-0.098741496	-0.105707056	-0.109095497	-0.067530907	-0.055796404	-0.039315227	-0.079866778	-0.10122673	-0.136468604	-0.141598609	-0.135438009	-0.036449575	-0.014390734	0.152754392	0.314750998	0.067626538	0.085735055	0.290009461	0.339862754	-0.096768215	-0.102328909	-0.096607071	-0.068226064	-0.045059901	0.022940237	-0.015377271	0.022708208	0.024622189	0.071748149	-0.092395751	-0.090092182	-0.000770846	0.042168931	0.064328882	0.09563515	0.448772144	0.368865895	0.322484519	0.359073651	0.187036336	0.208004982	0.211791236	0.270769965
0.466111129	0.547352314	-0.124396709	-0.097600998	-0.033546691	-0.061819645	-0.00267521	0.063678124	-0.034572311	-0.051187715	0.310877752	0.279468694	0.215758441	0.197555358	0.096897144	0.018055512	0	0.791540818	0.364000307	0.438295385	-0.103303055	-0.114947113	-0.206271741	-0.190884819	-0.138469697	-0.077452118	-0.07546962	-0.065033961	0.632129379	0.524277703	0.008422977	0.024069966	0.295467932	0.255314928	-0.32918497	-0.283541589	0.014692146	0.062844054	0.009742802	-0.004567896	0.153775255	0.124599129	0.07145118	0.076065726	-0.023223663	0.053703581	0.144940968	0.108001768	0.216536342	0.162106644	0.070907554	0.016574397	0.244117039	0.189294285	0.093878713	0.08283948	0.635947573	0.531321183	0.265469348	0.225536243	0.312819045	0.158738749	0.622159691	0.509366097	-0.144434722	-0.147849348	-0.148606777	-0.129824287	0.426293936	0.241497172	-0.145353198	-0.112614555	0.229787493	0.302746924	0.153580433	0.195795444	-0.107429862	-0.118240083	0.690181168	0.631932254	0.714950294	0.5901067	0.258191318	0.314349461	0.149809473	-0.005198132	-0.070194845	-0.086619668	0.004756651	-0.034962435
0.335301857	0.621833425	-0.164963217	-0.122743726	-0.041156289	-0.061722824	-0.039148518	0.048814985	-0.069705355	-0.082757715	0.135037195	0.219111874	0.128523883	0.164293727	0.016233375	-0.048383218	0.791540818	0	0.236849209	0.438808281	-0.101925561	-0.079736739	-0.230919202	-0.218044149	-0.099953265	-0.064779972	-0.063645651	-0.048325575	0.529051027	0.576324337	-0.034390256	-0.000214662	0.2734303	0.292369596	-0.308948497	-0.282180183	-0.05870034	0.06699634	-0.091749733	-0.048389226	0.080139805	0.148939824	0.119104864	0.138393158	0.05158737	0.149633909	0.21234416	0.170381116	0.21774168	0.188963313	0.064607539	-0.008641277	0.256355323	0.216159818	0.067756437	0.11497584	0.632875811	0.616702391	0.193808489	0.207513988	0.172859726	0.099989944	0.549125283	0.539734554	-0.196089665	-0.193014489	-0.145380422	-0.101385519	0.409242534	0.31260679	-0.164941651	-0.103163672	0.169578618	0.334482824	0.079681832	0.194996264	-0.163431609	-0.106668951	0.631627905	0.683091939	0.672854458	0.691037379	0.125942257	0.332025668	0.096016007	-0.016003039	-0.142800809	-0.12898173	-0.065735416	-0.068400921
0.546807667	0.299345846	0.418546386	0.202314795	0.197760131	0.047180827	0.44584976	0.240950912	0.221752934	0.143362597	0.421654565	0.239446953	0.297372993	0.131441834	0.440920517	0.20975799	0.364000307	0.236849209	0	0.691667026	-0.103626813	-0.0710543	0.345390091	0.172150907	-0.023794501	-0.012458336	-0.118173549	-0.105161301	0.345778826	0.22105558	0.19327822	0.191986681	0.307305034	0.196741444	-0.07022803	-0.163946858	-0.108000466	-0.157641663	-0.17372133	-0.235694152	0.006867364	-0.051585223	-0.003952018	-0.076491913	-0.037500692	-0.103640305	0.008522788	-0.047021487	0.059915115	0.00093033	0.046366987	-0.083966837	0.142424875	0.113991849	-0.200851598	-0.193807236	0.220607744	0.156820761	0.091135474	-0.035899883	0.137201051	-0.00951671	0.149126309	0.051964805	0.164799687	-0.09630829	-0.030582725	-0.175396812	0.324422578	0.236085893	0.063924141	0.076182037	0.213644985	0.136611829	0.251805791	0.194519585	-0.044713847	-0.121136063	0.106727017	0.172398152	0.167741032	0.183314881	0.340533841	0.179633311	0.293528985	0.123516764	-0.066687574	-0.07602579	0.0916694	0.109665818
0.352380871	0.523218142	0.141499578	0.332882797	0.104346274	0.110840416	0.272444024	0.458206026	0.080710509	0.141993276	0.178306744	0.393692236	0.172498938	0.288631385	0.191233195	0.205343747	0.438295385	0.438808281	0.691667026	0	-0.14261394	-0.031506751	0.134184848	0.222379153	-0.069410903	0.054244312	-0.193612912	-0.081239114	0.425606538	0.447969279	0.180996873	0.304682124	0.404835577	0.50864104	-0.193966525	-0.138622311	-0.201902454	-0.080412153	-0.291626287	-0.248457357	-0.059489446	0.05185859	-0.047944135	-0.067822381	0.025654271	0.086890826	-0.016882968	-0.072891226	0.166809556	0.067896225	0.030587626	-0.060907698	0.169688202	0.108127565	-0.244770804	-0.232542171	0.265322973	0.242518737	0.073973912	0.106536142	0.076551333	0.141568203	0.298690007	0.33294649	-0.043009163	-0.004052246	0.05511897	0.062801294	0.490215594	0.457958093	-0.070333784	0.103156335	0.175327345	0.300713757	0.152924921	0.291263812	-0.1122935	-0.032366264	0.191313714	0.299031021	0.340147416	0.364163874	0.20841241	0.323645802	0.123320462	0.185645328	-0.20808013	-0.147344606	-0.056081428	0.094265752
-0.195583559	-0.107509188	-0.105527641	-0.200541583	0.170234843	0.171924178	-0.182297734	-0.222548818	-0.082729975	-0.166644928	-0.168149953	-0.135240807	-0.184502918	-0.166857073	-0.045881412	-0.026289656	-0.103303055	-0.101925561	-0.103626813	-0.14261394	0	0.825230064	-0.010469347	-0.127064132	0.257124679	0.256180131	0.432424559	0.481809749	0.05705255	0.019126344	0.313987163	0.163526599	0.158421253	0.097009511	0.132498896	0.16628994	0.507536671	0.464933739	0.472192583	0.473172717	0.471131802	0.464107318	-0.087522007	-0.053567481	-0.077656439	-0.07131979	-0.047090053	-0.020489024	-0.169906991	-0.108826256	-0.229392991	-0.134796235	-0.154733009	-0.046568716	0.159905638	0.197682957	-0.157952686	-0.13932922	-0.123068425	-0.134117627	-0.205021369	-0.151080637	-0.109589522	-0.08451569	-0.167556994	-0.13987175	0.070842097	0.104619549	-0.050363482	-0.068390043	0.597444092	0.505751306	0.368059725	0.288453637	0.290552366	0.227672989	0.46058167	0.465630086	-0.049833136	-0.073028703	-0.054357974	-0.091133714	0.087804389	0.063899473	-0.114314262	-0.124476267	0.256272325	0.182212368	0.093470105	-0.048544161
-0.236967273	-0.118644308	-0.150317416	-0.102065617	0.217341892	0.312752646	-0.150841087	-0.067965086	-0.059872749	-0.079126323	-0.197377863	-0.065627557	-0.180811089	-0.105082927	-0.08544102	0.002526074	-0.114947113	-0.079736739	-0.0710543	-0.031506751	0.825230064	0	-0.066070426	-0.098704257	0.213005345	0.30414096	0.377530809	0.520859527	0.073399871	0.094860528	0.303858406	0.207973706	0.139943336	0.144639559	0.089462295	0.155060074	0.403624768	0.469567379	0.321287654	0.385301208	0.37774442	0.48356444	-0.134633651	-0.092363997	-0.096911263	-0.048125137	-0.085760698	-0.057168091	-0.156592305	-0.071345908	-0.239553259	-0.127035849	-0.113455518	-0.020222247	0.097505907	0.16024318	-0.193479979	-0.150730072	-0.139276141	-0.079370426	-0.2224476	-0.087234988	-0.107955684	-0.020681657	-0.207684748	-0.112849128	0.034792346	0.13766732	-0.043570526	-0.000969854	0.63274914	0.664712061	0.376526019	0.377033999	0.274531939	0.26946667	0.438488713	0.495459547	-0.091924536	-0.083775611	-0.065295555	-0.089263061	0.082309868	0.145079447	-0.177551141	-0.115147473	0.178321055	0.150932245	0.033256311	-0.04575745
0.045898733	-0.120264031	0.703068816	0.517339843	0.297715487	0.162383326	0.274751671	0.086476911	0.257338576	0.262473624	0.071669066	-0.061745686	0.015743595	-0.030171398	0.407770224	0.321540749	-0.206271741	-0.230919202	0.345390091	0.134184848	-0.010469347	-0.066070426	0	0.827167788	0.532523838	0.407852956	0.167608174	0.106875131	-0.319000125	-0.316702209	0.474322983	0.535834726	0.091567597	0.042430915	0.460685972	0.243327496	-0.137796705	-0.213040689	-0.041871021	-0.098083115	-0.034991058	-0.125264724	0.139960567	0.036852599	0.118311938	-0.068744653	-0.017694628	-0.060582855	-0.066094308	-0.032072084	0.171063193	0.030879633	0.05129399	0.060500522	-0.234717483	-0.207992097	-0.144036294	-0.148601078	-0.099355479	-0.189486255	-0.100868963	-0.188869055	-0.312007184	-0.39835555	0.526290324	0.261131566	0.308667455	0.075585312	-0.018373205	0.049391395	0.090108303	0.107543451	-0.044523093	-0.185798421	0.012583012	-0.031310365	-0.066572641	-0.138858474	-0.157309481	-0.091982778	-0.219400001	-0.134720805	0.128831806	-0.081034465	0.466501948	0.457088963	0.122990641	0.156580587	0.187634542	0.368590416
-0.015072155	-0.074222629	0.59173358	0.742791846	0.295453201	0.29373778	0.213139144	0.296914407	0.221894521	0.388179185	-0.048566452	0.047199204	-0.050469426	0.085538366	0.260001355	0.36476492	-0.190884819	-0.218044149	0.172150907	0.222379153	-0.127064132	-0.098704257	0.827167788	0	0.480332512	0.540524344	0.115159083	0.159282897	-0.358203816	-0.297117364	0.383332981	0.616004007	-0.000473624	0.119779095	0.392405871	0.277895755	-0.334654398	-0.313757039	-0.203620213	-0.181697642	-0.165989436	-0.163357573	0.145010535	0.078047906	0.186569091	0.080566643	-0.010976543	-0.050171422	0.04800483	0.045817029	0.281793995	0.163759416	0.113761406	0.043966368	-0.2700984	-0.2487964	-0.140260469	-0.143467424	-0.074113066	-0.074913865	-0.1046562	-0.063417401	-0.24213655	-0.3118537	0.460704837	0.446141389	0.345208164	0.234858149	-0.034386138	0.087835326	-0.084469375	0.076267133	-0.141163511	-0.202500197	-0.113015426	-0.080623606	-0.207901782	-0.197205494	-0.168892573	-0.101870108	-0.189740491	-0.133886508	0.01244507	-0.086663294	0.388970901	0.580068754	0.03633181	0.124242424	0.0635447	0.409611353
-0.074174932	-0.08702737	0.416778587	0.274381303	0.386997308	0.263036339	-0.093987253	-0.195169134	0.041899594	0.02140866	-0.197719569	-0.244669277	-0.256686542	-0.205645616	0.012561158	0.051660188	-0.138469697	-0.099953265	-0.023794501	-0.069410903	0.257124679	0.213005345	0.532523838	0.480332512	0	0.752410104	0.670645226	0.554192973	-0.264248882	-0.230841785	0.565857527	0.548007973	0.072847905	0.037512464	0.436848385	0.256959716	-0.012491744	-0.045190052	0.138094052	0.157293083	0.073182249	0.082763058	0.259179627	0.196355801	0.250105333	0.101891804	0.128316157	0.096140044	0.061699652	0.06053945	0.213984202	0.099181016	0.052854394	0.043414143	-0.018790296	0.01099216	-0.031085528	0.00294368	-0.064733884	-0.10549549	-0.21572362	-0.330715759	-0.259748527	-0.312635908	0.144532282	0.082366234	0.369114252	0.229767595	0.02170416	0.07367901	0.058675884	0.094455857	-0.018597042	-0.094349424	-0.078892455	-0.092790968	-0.044659442	-0.072398016	-0.006398578	0.033522608	-0.090131518	-0.061794294	0.00939416	-0.05357684	0.149394947	0.232774477	0.186467028	0.238223512	0.00298743	0.099413265
-0.069743589	-0.065550912	0.337592361	0.411590106	0.482376009	0.57824847	-0.005606124	0.060248825	0.112197972	0.148184823	-0.1624813	-0.137653562	-0.174757996	-0.124750893	0.030097044	0.11456954	-0.077452118	-0.064779972	-0.012458336	0.054244312	0.256180131	0.30414096	0.407852956	0.540524344	0.752410104	0	0.604787711	0.699075679	-0.166060882	-0.132550086	0.579488091	0.682683232	0.097711957	0.17387606	0.31923339	0.224518947	-0.130284002	-0.132950485	0.00033584	0.030967215	0.036453792	0.063339445	0.147825166	0.131846689	0.241421629	0.181850368	0.054353595	0.039650462	0.13684511	0.112772188	0.223392665	0.139423657	0.100068652	0.039105069	-0.070843557	-0.037700759	-0.027143734	-0.011146433	-0.001794782	-0.024572128	-0.11675654	-0.175330091	-0.129314122	-0.189231595	0.140070727	0.165459769	0.354377638	0.292831046	0.01735603	0.095450208	0.037166416	0.164692265	0.002330567	-0.035248897	-0.084463482	-0.064245022	-0.105753172	-0.085879277	-0.025460857	0.004171616	-0.062283243	-0.047341875	-0.00399535	-0.002175681	0.121311226	0.249362112	0.103632589	0.215830597	-0.061969274	0.084102362
-0.083861648	-0.094225734	0.093696276	0.009081294	0.490322758	0.393906785	-0.187722605	-0.254072817	0.121682154	0.009828912	-0.114629772	-0.169931814	-0.17940888	-0.143383637	0.099991181	0.145867821	-0.07546962	-0.063645651	-0.118173549	-0.193612912	0.432424559	0.377530809	0.167608174	0.115159083	0.670645226	0.604787711	0	0.839548292	-0.097126397	-0.046290396	0.340218358	0.285303167	-0.038227974	-0.107459376	0.166612153	0.06443359	0.105679713	0.03537772	0.265116207	0.308436136	0.138430508	0.156594434	0.06477526	0.074423963	0.046306649	-0.002900248	0.070817457	0.075132439	-0.007960762	0.021725212	0.060225217	0.053451275	-0.002030063	0.003703868	0.170969603	0.201733699	-0.056661901	-0.005700167	0.007553242	-0.059141187	-0.088559903	-0.189266632	-0.097640399	-0.109545604	0.015770338	-0.012372676	0.142024602	0.074654591	-0.044586694	-0.018768302	0.126675311	0.096589136	0.002582335	-0.050407612	-0.050099269	-0.081771212	-0.038848774	-0.05637302	0.014507977	0.026015	-0.017313943	-0.02016522	0.182763651	0.148605612	0.07699789	0.10132151	0.370350958	0.44189678	0.09522627	0.066874534
-0.106591146	-0.043726739	0.04957531	0.106730838	0.541225639	0.595337789	-0.124965014	-0.09173338	0.149665264	0.087007079	-0.14117097	-0.110630204	-0.154056988	-0.086351867	0.07384166	0.162098004	-0.065033961	-0.048325575	-0.105161301	-0.081239114	0.481809749	0.520859527	0.106875131	0.159282897	0.554192973	0.699075679	0.839548292	0	-0.066068541	-0.005938244	0.332243839	0.371594665	-0.019470123	0.002054332	0.154345899	0.105628653	0.069193966	0.043817154	0.193242382	0.262621079	0.143364035	0.233451632	0.041743265	0.071672112	0.077544243	0.077052216	0.062573843	0.058930584	0.040119202	0.060333677	0.075384739	0.085906083	0.038814486	0.017152498	0.132737816	0.165665586	-0.080649435	-0.000414402	0.024862954	0.018561457	-0.101049612	-0.116702876	-0.068101552	-0.036438021	-0.011390828	0.04286594	0.185645779	0.187604829	-0.044783947	0.033590058	0.165359471	0.206756459	0.072656444	0.061001034	0.00687319	0.015516726	-0.029141655	0.000456871	-0.040334349	-0.003925496	-0.017756178	-0.006475314	0.108228476	0.137146658	0.043077541	0.153649224	0.286120475	0.371949341	0.061687288	0.113481662
0.229399784	0.298704562	-0.255488536	-0.20635037	-0.062090257	-0.063715204	0.115338853	0.186555793	-0.016220379	-0.101782238	0.327787746	0.399204533	0.264727478	0.279108928	0.186379723	0.191732446	0.632129379	0.529051027	0.345778826	0.425606538	0.05705255	0.073399871	-0.319000125	-0.358203816	-0.264248882	-0.166060882	-0.097126397	-0.066068541	0	0.847820787	0.181661515	0.103215595	0.452201875	0.411107269	-0.376951531	-0.254014818	0.175799066	0.242880198	0.064149948	0.081527115	0.249291022	0.286340267	-0.166356848	-0.159396986	-0.131371023	-0.050162806	-0.076080667	-0.071558512	0.021198089	-0.06460895	-0.227784946	-0.196997333	0.000818458	-0.014110262	0.02358314	-0.01305924	0.25852092	0.188072755	0.089210482	0.083040116	0.236907028	0.237595631	0.551844197	0.567284689	-0.249700853	-0.197575171	-0.2092431	-0.136015803	0.203710902	0.064065429	-0.02115237	0.007293334	0.355001118	0.487586214	0.297928227	0.332717824	0.092522088	0.105037738	0.502682274	0.466797149	0.581881853	0.46474822	0.448560715	0.470257772	-0.003156368	-0.119824502	-0.040503912	-0.065630051	-0.061696094	-0.195857749
0.074741878	0.300771413	-0.376403477	-0.180100441	-0.085914161	-0.002752283	-0.025394561	0.21703951	-0.036603224	-0.005476663	0.196352327	0.40516691	0.15639059	0.295727072	0.155145714	0.293026046	0.524277703	0.576324337	0.22105558	0.447969279	0.019126344	0.094860528	-0.316702209	-0.297117364	-0.230841785	-0.132550086	-0.046290396	-0.005938244	0.847820787	0	0.171574459	0.154226032	0.383078064	0.471096621	-0.368323356	-0.248129659	0.114174029	0.272392547	0.023449611	0.12143076	0.17179915	0.316466593	-0.134013884	-0.102518308	-0.131827018	0.000711416	-0.04142493	-0.024862061	-0.026443126	-0.081596717	-0.281076848	-0.24105643	-0.00602811	-0.032422989	0.024798544	0.02658889	0.175102052	0.188178205	-0.029658248	0.076816582	0.07635993	0.256956786	0.475241185	0.594464002	-0.30838272	-0.16232714	-0.278785917	-0.13293631	0.170533088	0.1041419	-0.086555674	0.004704971	0.255479208	0.514563651	0.164155906	0.318266377	0.016058807	0.112765612	0.500496117	0.533871241	0.569855139	0.544272659	0.420086419	0.611176256	-0.029248425	-0.066994273	-0.012309361	0.001681593	-0.112806036	-0.200084684
-0.13884731	-0.121854902	0.310991914	0.269883092	0.210805987	0.190072456	0.054490895	0.016684541	0.006335024	-0.046014345	-0.107023203	-0.074972287	-0.16167343	-0.120441323	0.118107288	0.168496066	0.008422977	-0.034390256	0.19327822	0.180996873	0.313987163	0.303858406	0.474322983	0.383332981	0.565857527	0.579488091	0.340218358	0.332243839	0.181661515	0.171574459	0	0.852151075	0.534429938	0.47107622	0.32099552	0.243285913	0.10894368	0.121846987	0.139287652	0.13628881	0.171802585	0.194962829	-0.019817004	-0.041529044	0.075160942	0.000642705	-0.136650846	-0.126514804	-0.113797118	-0.13364368	-0.113065091	-0.168548231	-0.099823025	-0.08826238	-0.194534883	-0.195576646	-0.124409416	-0.106065994	-0.15574705	-0.158669622	-0.161084829	-0.120932266	-0.079491139	-0.070912505	0.079887146	0.017388269	0.242692872	0.147963813	0.028428181	0.055956707	0.205390821	0.264133717	0.207267561	0.183975803	0.146050957	0.149034665	0.161976765	0.165505513	0.112985517	0.151623179	0.042272204	0.013425207	0.211643537	0.159780542	0.06690621	0.111484774	0.070824758	0.107331526	-0.07520925	-0.043756742
-0.078501982	-0.048441058	0.354859307	0.523158254	0.277808387	0.329389437	0.113348845	0.235667743	0.046583516	0.100927823	-0.058695242	0.048943942	-0.121412179	0.004089811	0.1412491	0.276895311	0.024069966	-0.000214662	0.191986681	0.304682124	0.163526599	0.207973706	0.535834726	0.616004007	0.548007973	0.682683232	0.285303167	0.371594665	0.103215595	0.154226032	0.852151075	0	0.387061851	0.467352435	0.257076049	0.219826407	-0.093968836	-0.035132985	-0.043709303	-0.010033892	0.060284509	0.128825329	-0.004264061	-0.030043606	0.147127698	0.100153866	-0.148817178	-0.156093807	-0.019019869	-0.059481474	0.01680088	-0.051429786	-0.01789856	-0.073231622	-0.278553608	-0.254878078	-0.088802367	-0.086640053	-0.114295293	-0.103608578	-0.118250886	-0.030844092	-0.033991776	-0.051537958	0.164909493	0.205176097	0.303106291	0.242913247	0.050420426	0.103563364	0.05665835	0.221967791	0.120671905	0.135423962	0.050802213	0.105293552	-0.005422813	0.038066751	0.089894544	0.136778118	0.066648844	0.053748091	0.162997814	0.163415111	0.171867076	0.31795921	0.009150195	0.096045197	-0.093913773	0.082332865
0.104438392	0.179968385	0.122978727	0.094868944	-0.009312084	-0.041537075	0.224547119	0.162880607	0.006123659	-0.085542356	0.077844583	0.085754868	0.090497651	0.059758972	0.05943999	0.051006192	0.295467932	0.2734303	0.307305034	0.404835577	0.158421253	0.139943336	0.091567597	-0.000473624	0.072847905	0.097711957	-0.038227974	-0.019470123	0.452201875	0.383078064	0.534429938	0.387061851	0	0.84283664	0.204296729	0.237958493	0.203014626	0.24079046	0.113157731	0.082545907	0.238574243	0.247103203	-0.103858439	-0.12286269	0.074901232	0.044382095	-0.128231975	-0.119040865	-0.031674623	-0.095352533	-0.162359252	-0.165496144	-0.073395101	-0.054668781	-0.1180041	-0.167017126	0.1338162	0.109069201	0.067729707	0.007349156	0.140205063	0.114863872	0.280183355	0.307431486	0.023776387	-0.022456574	0.274460207	0.245136858	0.363540178	0.268958523	0.177364705	0.189411968	0.384851985	0.412728154	0.351529709	0.365232082	0.277221682	0.269931149	0.216311946	0.284689327	0.28038863	0.238229306	0.178588025	0.239480938	0.044550409	-0.019566096	-0.104619262	-0.064542964	0.045109656	-0.057787378
-0.025686546	0.206393346	-0.005067774	0.265526729	-0.022853795	0.087122519	0.164992052	0.390751131	-0.035313185	0.066685466	-0.044119531	0.198859796	0.021568546	0.155441562	-0.038387469	0.095543773	0.255314928	0.292369596	0.196741444	0.50864104	0.097009511	0.144639559	0.042430915	0.119779095	0.037512464	0.17387606	-0.107459376	0.002054332	0.411107269	0.471096621	0.47107622	0.467352435	0.84283664	0	0.209508326	0.33634965	0.097983108	0.225294069	0.011416083	0.045518342	0.157260228	0.248204756	-0.084761369	-0.084008444	0.136522802	0.17939197	-0.11744296	-0.109130771	-0.004148632	-0.066179435	-0.165794925	-0.119715091	-0.081493321	-0.091388871	-0.166487427	-0.193552819	0.072692296	0.076407479	-0.030145213	0.075748172	0.040272137	0.261541392	0.247842299	0.355207598	-0.016039148	0.160604131	0.260268228	0.376968471	0.260373481	0.263410857	0.091280232	0.209049441	0.321398202	0.439397968	0.299463015	0.401900829	0.219329517	0.31311619	0.216314695	0.307699174	0.276333974	0.267747646	0.088149176	0.241151144	-0.003006902	0.093623085	-0.172116354	-0.092954052	-0.060985047	-0.035670694
-0.152824646	-0.244500064	0.361758275	0.248183751	0.108266831	0.081110541	0.046631512	-0.100739861	0.056682458	0.052017287	-0.167979611	-0.221284776	-0.126372902	-0.186949487	-0.012268359	-0.017125552	-0.32918497	-0.308948497	-0.07022803	-0.193966525	0.132498896	0.089462295	0.460685972	0.392405871	0.436848385	0.31923339	0.166612153	0.154345899	-0.376951531	-0.368323356	0.32099552	0.257076049	0.204296729	0.209508326	0	0.835977691	0.161434258	0.070955185	0.243162004	0.168490619	0.105524693	0.027267886	0.248492249	0.176631425	0.38863091	0.156792705	0.079626705	0.071789098	-0.100894706	-0.074060666	0.122928109	0.051128826	-0.10519863	-0.063867512	-0.024525179	-0.064343304	-0.210959296	-0.208627244	-0.153012842	-0.1839056	-0.169169203	-0.171324684	-0.419917215	-0.42518046	0.40244027	0.299455646	0.537527226	0.403074229	-0.170835401	-0.055406356	0.2331294	0.171112344	0.020975415	-0.107031439	0.124165161	0.048334532	0.277921507	0.233415741	-0.168156421	-0.137348303	-0.32403872	-0.244858409	-0.172178572	-0.244215333	0.158887144	0.212595925	0.111490067	0.134911299	0.122410253	0.122484232
-0.223611617	-0.216044133	0.133687662	0.242488057	0.001084353	0.064797437	-0.022624048	0.032965003	-0.014904611	0.050540778	-0.224162824	-0.132607552	-0.140538575	-0.091144143	-0.13446144	-0.040255686	-0.283541589	-0.282180183	-0.163946858	-0.138622311	0.16628994	0.155060074	0.243327496	0.277895755	0.256959716	0.224518947	0.06443359	0.105628653	-0.254014818	-0.248129659	0.243285913	0.219826407	0.237958493	0.33634965	0.835977691	0	0.196860413	0.218682109	0.230731322	0.215076921	0.122329005	0.098368272	0.150386975	0.119534054	0.346682116	0.225450777	-0.019641807	-0.00673028	-0.11691878	-0.084689884	0.015400857	0.067192523	-0.16871184	-0.125377942	-0.044843686	-0.087946	-0.234468085	-0.264722634	-0.169532701	-0.124845784	-0.166146364	-0.016412611	-0.299358455	-0.287445175	0.276917337	0.391366922	0.47393112	0.531454717	-0.184404949	-0.051903134	0.230986212	0.219890678	0.067834052	0.014126965	0.175629557	0.131808204	0.353528507	0.368122468	-0.122295023	-0.122686201	-0.23716897	-0.206895196	-0.209454887	-0.183468466	0.010441402	0.173626978	0.031552062	0.070267249	0.072514322	0.071381355
